INCLY,INCLZ,INCLX
-42.8189239501,35.4436073303,-2.2263708114
-0.1494949436,-87.8142623901,-26.7514438629
-42.8189239501,35.4436073303,-2.2263708114
-0.1494949436,-87.8142623901,-26.7514438629
-42.8189239501,35.4436073303,-2.2263708114
-0.1494949436,-87.8142623901,-26.7514438629
-42.8189239501,35.4436073303,-2.2263708114
-0.1494949436,-87.8142623901,-26.7514438629
-42.8189239501,35.4436073303,-2.2263708114
-0.1494949436,-87.8142623901,-26.7514438629
-42.8189239501,35.4436073303,-2.2263708114
-0.1494949436,-87.8142623901,-26.7514438629
-42.8189239501,35.4436073303,-2.2263708114
-0.1494949436,-87.8142623901,-26.7514438629
-42.8189239501,35.4436073303,-2.2263708114
-0.1494949436,-87.8142623901,-26.7514438629
-42.8189239501,35.4436073303,-2.2263708114
-0.1494949436,-87.8142623901,-26.7514438629
-42.8189239501,35.4436073303,-2.2263708114
-0.1494949436,-87.8142623901,-26.7514438629
-42.8189239501,35.4436073303,-2.2263708114
-0.1494949436,-87.8142623901,-26.7514438629
-42.8189239501,35.4436073303,-2.2263708114
-0.1494949436,-87.8142623901,-26.7514438629
-42.8189239501,35.4436073303,-2.2263708114
-0.1494949436,-87.8142623901,-26.7514438629
-42.8189239501,35.4436073303,-2.2263708114
-0.1494949436,-87.8142623901,-26.7514438629
-42.8189239501,35.4436073303,-2.2263708114
-0.1494949436,-87.8142623901,-26.7514438629
-42.8189239501,35.4436073303,-2.2263708114
-0.1494949436,-87.8142623901,-26.7514438629
-42.8189239501,35.4436073303,-2.2263708114
-0.1494949436,-87.8142623901,-26.7514438629
-42.8189239501,35.4436073303,-2.2263708114
-0.1494949436,-87.8142623901,-26.7514438629
-42.8189239501,35.4436073303,-2.2263708114
-0.1494949436,-87.8142623901,-26.7514438629
-42.8189239501,35.4436073303,-2.2263708114
-0.1494949436,-87.8142623901,-26.7514438629
-42.8189239501,35.4436073303,-2.2263708114
-0.1494949436,-87.8142623901,-26.7514438629
-42.8189239501,35.4436073303,-2.2263708114
-0.1494949436,-87.8142623901,-26.7514438629
-42.8189239501,35.4436073303,-2.2263708114
-0.1494949436,-87.8142623901,-26.7514438629
-42.8189239501,35.4436073303,-2.2263708114
-0.1494949436,-87.8142623901,-26.7514438629
-42.8189239501,35.4436073303,-2.2263708114
-0.1494949436,-87.8142623901,-26.7514438629
-42.8189239501,35.4436073303,-2.2263708114
-0.1494949436,-87.8142623901,-26.7514438629
-42.8189239501,35.4436073303,-2.2263708114
-0.1494949436,-87.8142623901,-26.7514438629
-42.8189239501,35.4436073303,-2.2263708114
-0.1494949436,-87.8142623901,-26.7514438629
-42.8189239501,35.4436073303,-2.2263708114
-0.1494949436,-87.8142623901,-26.7514438629
-42.8189239501,35.4436073303,-2.2263708114
-0.1494949436,-87.8142623901,-26.7514438629
-42.8189239501,35.4436073303,-2.2263708114
-0.1494949436,-87.8142623901,-26.7514438629
-42.8189239501,35.4436073303,-2.2263708114
-0.1494949436,-87.8142623901,-26.7514438629
-42.8189239501,35.4436073303,-2.2263708114
-0.1494949436,-87.8142623901,-26.7514438629
-42.8189239501,35.4436073303,-2.2263708114
-0.1494949436,-87.8142623901,-26.7514438629
-42.8189239501,35.4436073303,-2.2263708114
-0.1494949436,-87.8142623901,-26.7514438629
-42.8189239501,35.4436073303,-2.2263708114
-0.1494949436,-87.8142623901,-26.7514438629
-42.8189239501,35.4436073303,-2.2263708114
-0.1494949436,-87.8142623901,-26.7514438629
-42.8189239501,35.4436073303,-2.2263708114
-0.1494949436,-87.8142623901,-26.7514438629
-42.8189239501,35.4436073303,-2.2263708114
-0.1494949436,-87.8142623901,-26.7514438629
-42.8189239501,35.4436073303,-2.2263708114
-0.1494949436,-87.8142623901,-26.7514438629
-42.8189239501,35.4436073303,-2.2263708114
-0.1494949436,-87.8142623901,-26.7514438629
-42.8189239501,35.4436073303,-2.2263708114
-0.1494949436,-87.8142623901,-26.7514438629
-42.8189239501,35.4436073303,-2.2263708114
-0.1494949436,-87.8142623901,-26.7514438629
-42.8189239501,35.4436073303,-2.2263708114
-0.1494949436,-87.8142623901,-26.7514438629
-42.8189239501,35.4436073303,-2.2263708114
-0.1494949436,-87.8142623901,-26.7514438629
-42.8189239501,35.4436073303,-2.2263708114
-0.1494949436,-87.8142623901,-26.7514438629
-42.8189239501,35.4436073303,-2.2263708114
-0.1494949436,-87.8142623901,-26.7514438629
-42.8189239501,35.4436073303,-2.2263708114
-0.1494949436,-87.8142623901,-26.7514438629
-42.8189239501,35.4436073303,-2.2263708114
-0.1494949436,-87.8142623901,-26.7514438629
-42.8189239501,35.4436073303,-2.2263708114
-0.1494949436,-87.8142623901,-26.7514438629
-42.8189239501,35.4436073303,-2.2263708114
-0.1494949436,-87.8142623901,-26.7514438629
-42.8189239501,35.4436073303,-2.2263708114
-0.1494949436,-87.8142623901,-26.7514438629
-42.8189239501,35.4436073303,-2.2263708114
-0.1494949436,-87.8142623901,-26.7514438629
-42.8189239501,35.4436073303,-2.2263708114
-0.1494949436,-87.8142623901,-26.7514438629
-42.8189239501,35.4436073303,-2.2263708114
-0.1494949436,-87.8142623901,-26.7514438629
-42.8189239501,35.4436073303,-2.2263708114
-0.1494949436,-87.8142623901,-26.7514438629
-42.8189239501,35.4436073303,-2.2263708114
-0.1494949436,-87.8142623901,-26.7514438629
-42.8189239501,35.4436073303,-2.2263708114
-0.1494949436,-87.8142623901,-26.7514438629
-42.8189239501,35.4436073303,-2.2263708114
-0.1494949436,-87.8142623901,-26.7514438629
-42.8189239501,35.4436073303,-2.2263708114
-0.1494949436,-87.8142623901,-26.7514438629
-42.8189239501,35.4436073303,-2.2263708114
-0.1494949436,-87.8142623901,-26.7514438629
-42.8189239501,35.4436073303,-2.2263708114
-0.1494949436,-87.8142623901,-26.7514438629
-42.8189239501,35.4436073303,-2.2263708114
-0.1494949436,-87.8142623901,-26.7514438629
-42.8189239501,35.4436073303,-2.2263708114
-0.1494949436,-87.8142623901,-26.7514438629
-42.8189239501,35.4436073303,-2.2263708114
-0.1494949436,-87.8142623901,-26.7514438629
-42.8189239501,35.4436073303,-2.2263708114
-0.1494949436,-87.8142623901,-26.7514438629
-42.8189239501,35.4436073303,-2.2263708114
-0.1494949436,-87.8142623901,-26.7514438629
-42.8189239501,35.4436073303,-2.2263708114
-0.1494949436,-87.8142623901,-26.7514438629
-42.8189239501,35.4436073303,-2.2263708114
-0.1494949436,-87.8142623901,-26.7514438629
-42.8189239501,35.4436073303,-2.2263708114
-0.1494949436,-87.8142623901,-26.7514438629
-42.8189239501,35.4436073303,-2.2263708114
-0.1494949436,-87.8142623901,-26.7514438629
-42.8189239501,35.4436073303,-2.2263708114
-0.1494949436,-87.8142623901,-26.7514438629
-42.8189239501,35.4436073303,-2.2263708114
-0.1494949436,-87.8142623901,-26.7514438629
-42.8189239501,35.4436073303,-2.2263708114
-0.1494949436,-87.8142623901,-26.7514438629
-42.8189239501,35.4436073303,-2.2263708114
-0.1494949436,-87.8142623901,-26.7514438629
-42.8189239501,35.4436073303,-2.2263708114
-0.1494949436,-87.8142623901,
