HRLM,TC,GSR
,33.625,507
,33.5625,507
,33.625,507
,33.625,509
,33.625,509
,33.5625,508
,33.5625,509
,33.75,511
,33.6875,510
,33.5,510
,33.375,509
,33.5625,509
,33.5625,509
,33.5,525
,33.8125,509
,33.5,509
,33.6875,510
,33.6875,510
,33.625,510
,33.5625,510
,33.625,509
,33.625,525
,33.625,509
,33.5625,509
,33.5,509
,33.5,509
,33.625,510
,33.625,510
,33.5,510
,33.625,510
,33.5625,509
,33.6875,509
,33.5,508
,33.625,509
,33.625,509
,33.625,523
,33.375,509
,33.625,510
,33.625,509
,33.5625,509
,33.625,509
,33.5625,509
,33.5,509
,33.5625,523
,33.6875,509
,33.625,510
,33.5625,509
,33.625,510
,33.625,510
,33.625,510
,33.5,509
,33.625,509
,33.625,509
,33.75,510
,33.625,509
,33.5625,509
,33.5,509
,33.5,524
,33.625,510
,33.6875,509
,33.5,509
,33.6875,509
,33.75,509
,33.625,509
,33.5625,509
,33.5,509
,33.625,509
,33.6875,510
,33.6875,510
,33.625,509
,33.625,509
,33.5,525
,33.5,509
,33.5,509
,33.625,509
,33.5,510
,33.625,509
,33.5,510
,33.625,510
,33.6875,524
,33.5625,509
,33.625,509
,33.625,509
,33.6875,510
,33.625,509
,33.75,509
,33.625,509
,33.625,521
,33.5,509
,33.625,510
,33.6875,509
,33.75,509
,33.6875,509
,33.4375,524
,33.625,509
,33.625,510
,33.625,509
,33.4375,510
,33.625,510
,33.5,510
,33.625,510
,33.6875,524
,33.6875,509
,33.625,509
,33.6875,509
,33.625,509
,33.6875,510
,33.5,510
,33.4375,510
,33.625,510
,33.5,510
,33.625,509
,33.5,509
,33.625,509
,33.5625,509
,33.6875,524
,33.625,509
,33.5625,509
,33.5,510
,33.625,509
,33.5625,509
,33.625,509
,33.5,509
,33.5,523
,33.5625,509
,33.625,509
,33.625,510
,33.625,509
,33.625,510
,33.625,509
,33.625,510
,33.625,510
,33.5,509
,33.5625,509
,33.625,509
,33.5,510
,33.4375,509
,33.625,525
,33.6875,510
,33.5,510
,33.625,509
,33.6875,509
,33.6875,509
,33.4375,509
,33.5,509
,33.75,524
,33.6875,509
,33.625,510
,33.5625,510
,33.625,509
,33.5,509
,33.5625,510
,33.625,509
,33.6875,509
,33.625,509
,33.6875,508
,33.625,509
,33.6875,510
,33.625,510
,33.625,525
,33.4375,509
,33.5625,509
,33.625,508
,33.5625,509
,33.75,509
,33.625,510
,33.625,509
,33.625,523
,33.625,510
,33.625,510
,33.625,510
,33.625,508
,33.625,509
,33.75,509
,33.625,509
,33.625,509
,33.625,509
,33.5,510
,33.5,510
,33.625,509
,33.5,509
,33.6875,524
,33.5,509
,33.5,509
,33.6875,509
,33.5625,509
,33.625,509
,33.5,510
,33.625,510
,33.6875,510
,33.5,509
,33.6875,509
,33.5,509
,33.625,508
,33.5625,509
,33.75,525
,33.625,509
,33.625,510
,33.5625,510
,33.6875,510
,33.6875,509
,33.6875,509
,33.625,509
,33.625,521
,33.625,509
,33.5625,510
7,33.4375,509
7,33.75,510
7,33.625,509
7,33.5625,510
7,33.5625,509
7,33.625,509
7,33.6875,509
7,33.6875,509
7,33.4375,509
7,33.6875,510
7,33.625,510
7,33.625,510
7,33.625,509
7,33.5,509
7,33.625,509
7,33.625,509
7,33.4375,509
7,33.625,509
7,33.75,509
7,33.625,523
7,33.625,510
7,33.6875,510
7,33.4375,510
7,33.625,510
7,33.625,509
7,33.625,509
7,33.5625,509
7,33.5,510
7,33.5625,509
7,33.625,509
7,33.6875,509
7,33.5625,510
7,33.8125,510
7,33.5,525
7,33.625,509
7,33.4375,509
7,33.6875,509
7,33.5,509
7,33.5,509
7,33.4375,509
7,33.6875,509
7,33.5625,525
7,33.625,510
7,33.625,509
7,33.625,509
7,33.6875,509
7,33.8125,509
7,33.625,509
7,33.625,509
7,33.625,517
7,33.625,509
7,33.625,510
7,33.5,509
7,33.5625,510
7,33.5,509
7,33.625,524
7,33.6875,508
7,33.625,509
7,33.5625,509
7,33.6875,509
7,33.625,509
7,33.5625,510
7,33.625,510
7,33.625,525
7,33.5625,510
7,33.5,510
7,33.625,509
7,33.625,508
7,33.625,509
7,33.625,509
7,33.6875,509
7,33.625,510
7,33.4375,509
7,33.6875,509
7,33.5625,509
7,33.625,509
7,33.6875,509
7,33.75,509
7,33.5625,509
7,33.4375,510
7,33.75,509
7,33.625,510
7,33.625,509
7,33.5625,510
7,33.5625,509
7,33.625,525
7,33.5,509
7,33.5625,509
7,33.6875,509
7,33.6875,509
7,33.625,509
7,33.625,509
7,33.5625,510
7,33.5,525
7,33.5625,509
7,33.6875,509
7,33.625,509
7,33.6875,509
7,33.625,510
7,33.625,510
7,33.5,509
7,33.75,524
7,33.625,510
7,33.625,510
7,33.6875,509
7,33.5,509
14,33.5,509
14,33.6875,509
14,33.625,509
14,33.5625,524
14,33.5,508
14,33.5,515
14,33.625,510
14,33.5625,510
14,33.625,509
14,33.5,509
14,33.6875,509
14,33.625,509
14,33.6875,509
14,33.6875,510
14,33.6875,509
14,33.75,525
14,33.625,510
14,33.625,525
14,33.6875,509
14,33.75,510
14,33.6875,509
14,33.625,509
14,33.5,509
14,33.625,509
14,33.625,510
14,33.625,510
14,33.625,510
14,33.625,510
14,33.625,509
14,33.6875,524
14,33.5625,509
14,33.4375,509
14,33.6875,509
14,33.5,509
14,33.5625,509
14,33.6875,509
14,33.5,510
14,33.5625,510
14,33.625,510
14,33.625,509
14,33.6875,509
14,33.625,524
14,33.5625,509
14,33.5625,509
14,33.75,509
14,33.5625,510
14,33.5,510
14,33.75,509
14,33.625,509
14,33.625,510
14,33.5625,509
14,33.6875,509
14,33.6875,509
14,33.5625,524
27,33.5,509
27,33.625,524
27,33.625,510
27,33.625,509
27,33.75,509
27,33.6875,509
27,33.625,509
27,33.625,509
27,33.625,509
27,33.6875,509
27,33.8125,509
27,33.625,525
27,33.625,510
27,33.6875,525
27,33.75,509
27,33.6875,509
27,33.75,509
27,33.5,509
27,33.6875,509
27,33.625,509
27,33.625,509
27,33.625,509
27,33.5625,510
27,33.625,509
27,33.625,510
27,33.625,524
27,33.4375,509
27,33.6875,509
27,33.625,509
27,33.75,509
27,33.6875,509
48,33.5,510
48,33.8125,510
48,33.625,510
48,33.5625,509
48,33.625,509
48,33.625,509
48,33.625,509
48,33.625,509
48,33.625,525
48,33.6875,509
48,33.5,510
48,33.625,510
48,33.5625,510
48,33.6875,510
48,33.625,509
48,33.5625,509
48,33.625,509
48,33.625,509
48,33.625,509
48,33.625,509
48,33.5625,525
48,33.5625,509
48,33.5,523
48,33.6875,509
48,33.5,509
48,33.5,509
48,33.5,509
48,33.625,509
48,33.625,510
48,33.5625,509
48,33.625,510
48,33.625,509
48,33.75,525
48,33.625,509
48,33.6875,524
48,33.625,509
48,33.5625,509
48,33.625,509
48,33.625,509
48,33.625,509
48,33.625,510
48,33.625,510
48,33.6875,509
48,33.5625,509
48,33.625,509
48,33.625,509
48,33.6875,524
48,33.5625,509
48,33.6875,509
48,33.5,509
48,33.5,510
48,33.6875,510
48,33.6875,510
48,33.5625,510
48,33.625,509
48,33.6875,509
48,33.75,509
48,33.625,509
48,33.625,525
48,33.625,509
48,33.5625,522
48,33.75,510
48,33.75,510
23,33.625,509
23,33.625,509
23,33.625,509
23,33.4375,509
23,33.75,509
23,33.6875,509
23,33.625,509
23,33.625,510
23,33.625,510
23,33.5625,525
23,33.625,510
23,33.6875,509
23,33.5625,509
23,33.625,509
23,33.5625,509
23,33.6875,509
23,33.6875,509
23,33.5,510
23,33.5625,510
23,33.6875,510
23,33.5625,509
23,33.5625,525
23,33.5625,508
23,33.6875,511
23,33.6875,509
23,33.625,509
23,33.625,510
23,33.5,510
23,33.6875,510
23,33.5,510
23,33.625,509
23,33.625,509
23,33.4375,509
23,33.6875,524
23,33.625,509
23,33.625,522
23,33.5,509
23,33.625,509
23,33.625,510
23,33.5625,509
23,33.6875,510
23,33.5,509
23,33.625,509
23,33.625,508
23,33.6875,509
23,33.625,525
23,33.625,509
23,33.5625,525
23,33.5,509
23,33.625,510
23,33.625,510
23,33.5,509
23,33.625,509
23,33.625,509
23,33.5,509
23,33.6875,509
23,33.6875,509
23,33.625,525
23,33.625,510
23,33.6875,525
23,33.625,510
23,33.5625,509
23,33.625,509
23,33.6875,509
23,33.625,508
23,33.625,509
23,33.6875,509
23,33.75,510
23,33.75,510
23,33.5,510
23,33.5625,509
23,33.625,524
23,33.625,509
23,33.625,509
23,33.5625,509
23,33.6875,509
23,33.6875,509
23,33.6875,510
23,33.5625,509
23,33.5625,510
23,33.625,509
23,33.5625,509
23,33.625,509
23,33.5625,524
23,33.75,509
23,33.6875,509
23,33.5625,509
23,33.625,509
23,33.625,510
23,33.625,510
23,33.5,509
23,33.625,509
23,33.625,510
23,33.625,509
23,33.5625,509
23,33.625,524
23,33.6875,509
23,33.75,510
23,33.4375,510
23,33.625,510
23,33.5625,509
